1	4
2	2
3	4
4	4
5	4
6	2
7	2
8	0
9	2
10	2
11	2
12	4
13	4
14	0
15	2
16	4
17	4
18	4
19	4
20	4
21	4
22	4
23	4
24	2
25	2
26	2
27	2
28	2
29	0
30	4
31	2
32	4
33	1
34	4
35	2
36	3
37	4
38	4
39	4
40	4
41	4
42	2
43	4
44	2
45	4
46	2
47	4
48	4
49	3
50	2
51	4
52	4
53	4
54	4
55	1
56	4
57	4
58	4
59	2
60	4
61	4
62	4
63	4
64	2
65	4
66	0
67	4
68	4
69	3
70	3
71	3
72	4
73	4
74	4
75	4
76	1
77	4
78	1
79	4
80	2
81	4
82	2
83	4
84	4
85	2
86	0
87	2
88	4
89	0
90	4
91	4
92	4
93	4
94	4
95	2
96	4
97	4
98	2
99	2
100	3
101	1
102	2
103	2
104	2
105	4
106	0
107	4
108	1
109	4
110	2
111	2
112	2
113	4
114	2
115	2
116	4
117	4
118	4
119	2
120	2
121	2
122	4
123	2
124	4
125	1
126	4
127	4
128	2
129	2
130	4
131	2
132	4
133	4
134	2
135	4
136	4
137	2
138	3
139	2
140	4
141	4
142	4
143	0
144	0
145	4
146	2
147	4
148	4
149	2
150	0
151	2
152	0
153	4
154	4
155	4
156	4
157	2
158	2
159	0
160	4
161	4
162	4
163	1
164	4
165	2
166	1
167	4
168	4
169	2
170	4
171	4
172	2
173	2
174	4
175	0
176	4
177	0
178	0
179	2
180	2
181	0
182	4
183	4
184	4
185	0
186	2
187	4
188	4
189	4
190	2
191	0
192	4
193	4
194	2
195	2
196	4
197	0
198	0
199	4
200	0
201	2
202	2
203	2
204	4
205	2
206	4
207	4
208	4
209	4
210	4
211	3
212	2
213	2
214	4
215	0
216	4
217	2
218	2
219	0
220	4
221	2
222	2
223	0
224	4
225	4
226	4
227	0
228	4
229	4
230	0
231	4
232	4
233	4
234	4
235	4
236	4
237	0
238	4
239	3
240	4
241	0
242	4
243	3
244	4
245	4
246	1
247	1
248	0
249	2
250	4
251	4
252	0
253	2
254	4
255	2
256	4
257	4
258	4
259	0
260	1
261	0
262	4
263	4
264	4
265	1
266	2
267	0
268	4
269	1
270	4
271	1
272	4
273	1
274	4
275	0
276	0
277	2
278	4
279	2
280	1
281	4
282	3
283	4
284	0
285	4
286	2
287	3
288	4
289	2
290	4
291	2
292	4
293	4
294	4
295	2
296	3
297	4
298	2
299	4
300	4
301	2
302	4
303	4
304	2
305	1
306	2
307	3
308	2
309	2
310	4
311	3
312	4
313	4
314	2
315	2
316	2
317	0
318	4
319	3
320	2
321	4
322	4
323	4
324	2
325	4
326	2
327	0
328	4
329	4
330	1
331	3
332	4
333	0
334	4
335	2
336	2
337	4
338	2
339	4
340	0
341	4
342	2
343	4
344	4
345	3
346	2
347	4
348	4
349	2
350	4
351	4
352	4
353	4
354	3
355	4
356	4
357	2
358	4
359	1
360	3
361	4
362	3
363	1
364	3
365	2
366	2
367	2
368	2
369	2
370	2
371	4
372	0
373	2
374	4
375	1
376	3
377	4
378	2
379	4
380	4
381	4
382	4
383	4
384	4
385	2
386	2
387	4
388	4
389	4
390	2
391	1
392	4
393	1
394	2
395	0
396	2
397	2
398	2
399	4
400	4
401	2
402	4
403	4
404	2
405	0
406	4
407	4
408	4
409	4
410	4
411	2
412	4
413	4
414	2
415	4
416	2
417	2
418	4
419	2
420	0
421	4
422	0
423	4
424	0
425	4
426	4
427	2
428	4
429	2
430	4
431	4
432	4
433	2
434	0
435	2
436	2
437	2
438	1
439	4
440	4
441	4
442	4
443	4
444	1
445	4
446	1
447	4
448	4
449	1
450	2
451	2
452	0
453	4
454	2
455	2
456	4
457	0
458	2
459	4
460	4
461	4
462	4
463	0
464	3
465	2
466	4
467	2
468	3
469	4
470	4
471	0
472	0
473	2
474	4
475	4
476	2
477	4
478	0
479	2
480	4
481	2
482	4
483	4
484	2
485	2
486	2
487	2
488	4
489	0
490	4
491	0
492	3
493	2
494	4
495	2
496	4
497	2
498	2
499	4
500	4
501	2
502	1
503	2
504	2
505	4
506	4
507	2
508	2
509	3
510	2
511	4
512	4
513	0
514	4
515	0
516	0
517	0
518	4
519	2
520	2
521	4
522	2
523	2
524	2
525	2
526	4
527	0
528	4
529	2
530	1
531	4
532	2
533	4
534	3
535	3
536	4
537	2
538	3
539	4
540	4
541	1
542	4
543	2
544	1
545	2
546	4
547	4
548	3
549	2
550	2
551	4
552	4
553	4
554	2
555	4
556	4
557	4
558	4
559	4
560	4
561	4
562	0
563	1
564	1
565	4
566	4
567	1
568	2
569	2
570	4
571	2
572	1
573	2
574	4
575	4
576	4
577	2
578	4
579	4
580	2
581	4
582	0
583	2
584	0
585	2
586	4
587	4
588	2
589	4
590	4
591	2
592	2
593	0
594	2
595	4
596	4
597	3
598	4
599	2
600	0
601	1
602	4
603	4
604	4
605	4
606	3
607	4
608	0
609	0
610	2
611	4
612	4
613	0
614	4
615	2
616	4
617	4
618	2
619	2
620	2
621	2
622	2
623	4
624	2
625	4
626	4
627	2
628	1
629	2
630	1
631	2
632	1
633	1
634	4
635	0
636	4
637	4
638	2
639	4
640	2
641	2
642	4
643	2
644	1
645	4
646	2
647	4
648	2
649	4
650	4
651	2
652	0
653	2
654	2
655	2
656	2
657	4
658	2
659	2
660	4
661	4
662	4
663	0
664	2
665	0
666	2
667	2
668	2
669	2
670	4
671	4
672	4
673	3
674	2
675	4
676	2
677	2
678	4
679	2
680	0
681	2
682	4
683	4
684	0
685	3
686	4
687	4
688	1
689	4
690	4
691	4
692	4
693	4
694	2
695	3
696	2
697	0
698	4
699	2
700	4
701	4
702	4
703	4
704	2
705	2
706	2
707	2
708	4
709	2
710	2
711	4
712	1
713	4
714	2
715	4
716	4
717	2
718	1
719	2
720	4
721	0
722	4
723	4
724	4
725	4
726	4
727	4
728	4
729	2
730	2
731	2
732	2
733	2
734	0
735	4
736	2
737	4
738	2
739	4
740	0
741	2
742	4
743	3
744	0
745	4
746	2
747	4
748	4
749	4
750	2
751	4
752	4
753	1
754	4
755	4
756	4
757	4
758	4
759	1
760	4
761	4
762	3
763	4
764	4
765	0
766	4
767	4
768	4
769	4
770	4
771	4
772	4
773	4
774	0
775	3
776	4
777	0
778	3
779	4
780	4
781	4
782	4
783	2
784	2
785	1
786	4
787	0
788	2
789	4
790	3
791	4
792	2
793	2
794	4
795	2
796	2
797	4
798	4
799	2
800	2
801	1
802	4
803	4
804	4
805	0
806	4
807	4
808	0
809	2
810	4
811	4
812	2
813	4
814	4
815	4
816	3
817	2
818	4
819	4
820	4
821	0
822	1
823	4
824	2
825	2
826	3
827	4
828	4
829	4
830	1
831	3
832	4
833	4
834	2
835	4
836	4
837	4
838	2
839	4
840	2
841	2
842	2
843	4
844	4
845	3
846	4
847	4
848	4
849	2
850	2
851	2
852	2
853	4
854	0
855	2
856	4
857	4
858	2
859	2
860	0
861	2
862	0
863	4
864	4
865	4
866	4
867	2
868	4
869	4
870	2
871	2
872	4
873	4
874	4
875	1
876	0
877	2
878	1
879	2
880	4
881	3
882	2
883	2
884	2
885	2
886	4
887	4
888	4
889	4
890	2
891	4
892	2
893	4
894	4
895	4
896	2
897	4
898	4
899	2
900	4
901	4
902	2
903	4
904	4
905	2
906	4
907	4
908	2
909	0
910	0
911	2
912	2
913	0
914	3
915	4
916	4
917	2
918	4
919	3
920	4
921	1
922	4
923	2
924	2
925	4
926	0
927	1
928	0
929	4
930	4
931	4
932	2
933	2
934	2
935	4
936	4
937	4
938	0
939	4
940	4
941	2
942	4
943	4
944	0
945	4
946	3
947	4
948	0
949	2
950	2
951	4
952	4
953	2
954	1
955	4
956	4
957	2
958	2
959	2
960	4
961	2
962	2
963	0
964	2
965	4
966	4
967	2
968	4
969	4
970	2
971	2
972	4
973	1
974	4
975	4
976	1
977	2
978	2
979	4
980	4
981	1
982	4
983	2
984	4
985	2
986	4
987	4
988	2
989	2
990	2
991	4
992	2
993	2
994	4
995	4
996	4
997	4
998	2
999	4
1000	4
1001	2
1002	2
1003	2
1004	4
1005	0
1006	1
1007	2
1008	2
1009	3
1010	2
1011	0
1012	4
1013	4
1014	0
1015	2
1016	2
1017	4
1018	2
1019	4
1020	2
1021	4
1022	0
1023	0
1024	2
1025	2
1026	4
1027	2
1028	2
1029	2
1030	3
1031	4
1032	4
1033	4
1034	1
1035	2
1036	4
1037	2
1038	4
1039	4
1040	2
1041	4
1042	2
1043	4
1044	4
1045	4
1046	4
1047	2
1048	4
1049	3
1050	2
1051	2
1052	0
1053	4
1054	3
1055	3
1056	2
1057	2
1058	4
1059	4
1060	2
1061	2
1062	0
1063	4
1064	0
1065	3
1066	0
1067	4
1068	4
1069	3
1070	2
1071	4
1072	4
1073	4
1074	2
1075	2
1076	4
1077	2
1078	2
1079	3
1080	4
1081	2
1082	4
1083	0
1084	2
1085	4
1086	1
1087	3
1088	4
1089	2
1090	2
1091	4
1092	4
1093	4
1094	4
1095	2
1096	4
1097	4
1098	4
1099	4
1100	0
1101	4
1102	0
1103	4
1104	4
1105	4
1106	4
1107	4
1108	2
1109	4
1110	1
1111	2
1112	4
1113	2
1114	4
1115	4
1116	2
1117	2
1118	2
1119	4
1120	0
1121	2
1122	2
1123	2
1124	4
1125	0
1126	0
1127	4
1128	4
1129	1
1130	4
1131	4
1132	4
1133	4
1134	4
1135	4
1136	2
1137	2
1138	3
1139	4
1140	2
1141	0
1142	1
1143	4
1144	2
1145	4
1146	1
1147	0
1148	4
1149	4
1150	2
1151	4
1152	4
1153	4
1154	2
1155	2
1156	0
1157	4
1158	2
1159	0
1160	2
1161	1
1162	4
1163	4
1164	4
1165	4
1166	4
1167	4
1168	4
1169	2
1170	4
1171	4
1172	2
1173	1
1174	2
1175	4
1176	2
1177	4
1178	4
1179	4
1180	2
1181	4
1182	4
1183	1
1184	2
1185	4
1186	4
1187	2
1188	0
1189	4
1190	4
1191	4
1192	0
1193	2
1194	4
1195	2
1196	2
1197	4
1198	2
1199	2
1200	3
1201	2
1202	4
1203	2
1204	4
1205	2
1206	4
1207	2
1208	0
1209	2
1210	2
1211	2
1212	4
1213	2
1214	4
1215	4
1216	2
1217	4
1218	2
1219	2
1220	4
1221	4
1222	2
1223	0
1224	4
1225	0
1226	2
1227	4
1228	0
1229	4
1230	4
1231	4
1232	1
1233	2
1234	2
1235	4
1236	2
1237	2
1238	4
1239	4
1240	4
1241	4
1242	0
1243	2
1244	4
1245	4
1246	4
1247	4
1248	2
1249	2
1250	4
1251	3
1252	0
1253	4
1254	4
1255	4
1256	3
1257	4
1258	2
1259	4
1260	4
1261	3
1262	4
1263	3
1264	1
1265	4
1266	2
1267	4
1268	4
1269	2
1270	3
1271	4
1272	1
1273	4
1274	4
1275	2
1276	3
1277	4
1278	2
1279	2
1280	1
1281	2
1282	2
1283	4
1284	4
1285	4
1286	4
1287	2
1288	2
1289	2
1290	4
1291	4
1292	2
1293	4
1294	4
1295	0
1296	4
1297	4
1298	2
1299	3
1300	4
1301	4
1302	4
1303	2
1304	4
1305	4
1306	2
1307	4
1308	4
1309	3
1310	0
1311	3
1312	4
1313	2
1314	1
1315	0
1316	4
1317	1
1318	2
1319	2
1320	0
1321	2
1322	3
1323	2
1324	2
1325	2
1326	4
1327	4
1328	4
1329	4
1330	2
1331	2
1332	2
1333	2
1334	2
1335	4
1336	4
1337	3
1338	4
1339	4
1340	2
1341	4
1342	1
1343	4
1344	4
1345	2
1346	2
1347	1
1348	0
1349	2
1350	2
1351	4
1352	4
1353	2
1354	4
1355	4
1356	4
1357	2
1358	4
1359	2
1360	2
1361	4
1362	2
1363	4
1364	1
1365	2
1366	4
1367	4
1368	4
1369	4
1370	0
1371	4
1372	3
1373	4
1374	2
1375	4
1376	2
1377	4
1378	4
1379	4
1380	2
1381	4
1382	4
1383	0
1384	4
1385	4
1386	4
1387	2
1388	2
1389	4
1390	2
1391	4
1392	2
1393	0
1394	3
1395	4
1396	4
1397	2
1398	2
1399	4
1400	4
1401	2
1402	4
1403	2
1404	4
1405	2
1406	4
1407	4
1408	4
1409	2
1410	4
1411	4
1412	1
1413	4
1414	3
1415	0
1416	1
1417	4
1418	4
1419	4
1420	2
1421	4
1422	2
1423	2
1424	2
1425	0
1426	2
1427	4
1428	0
1429	3
1430	2
1431	2
1432	2
1433	4
1434	2
1435	2
1436	4
1437	0
1438	2
1439	3
1440	4
1441	4
1442	4
1443	4
1444	2
1445	0
1446	1
1447	4
1448	4
1449	2
1450	2
1451	1
1452	2
1453	2
1454	4
1455	2
1456	4
1457	0
1458	3
1459	2
1460	2
1461	4
1462	4
1463	2
1464	4
1465	0
1466	2
1467	0
1468	4
1469	2
1470	4
1471	4
1472	4
1473	0
1474	2
1475	4
1476	4
1477	0
1478	4
1479	0
1480	2
1481	2
1482	4
1483	2
1484	2
1485	4
1486	4
1487	2
1488	4
1489	4
1490	2
1491	2
1492	3
1493	4
1494	0
1495	2
1496	4
1497	4
1498	0
1499	4
1500	4
1501	2
1502	4
1503	4
1504	4
1505	4
1506	4
1507	0
1508	2
1509	2
1510	2
1511	4
1512	4
1513	2
1514	4
1515	4
1516	4
1517	4
1518	0
1519	3
1520	4
1521	4
1522	4
1523	4
1524	4
1525	4
1526	2
1527	4
1528	2
1529	4
1530	2
1531	4
1532	2
1533	4
1534	2
1535	1
1536	2
1537	4
1538	1
1539	3
1540	4
1541	4
1542	2
1543	4
1544	0
1545	4
1546	1
1547	1
1548	2
1549	2
1550	4
1551	3
1552	4
1553	4
1554	4
1555	4
1556	2
1557	2
1558	1
1559	0
1560	2
1561	2
1562	4
1563	1
1564	2
1565	4
1566	4
1567	4
1568	1
1569	4
1570	4
1571	4
1572	4
1573	4
1574	2
1575	4
1576	3
1577	2
1578	4
1579	0
1580	1
1581	2
1582	2
1583	4
1584	2
1585	4
1586	4
1587	0
1588	4
1589	2
1590	4
1591	4
1592	2
1593	0
1594	2
1595	4
1596	3
1597	4
1598	4
1599	4
1600	4
1601	0
1602	0
1603	0
1604	4
1605	2
1606	1
1607	4
1608	4
1609	4
1610	4
1611	0
1612	4
1613	4
1614	2
1615	4
1616	2
1617	2
1618	4
1619	4
1620	4
1621	2
1622	2
1623	4
1624	4
1625	3
1626	2
1627	4
1628	0
1629	4
1630	4
1631	1
1632	2
1633	2
1634	0
1635	3
1636	1
1637	2
1638	4
1639	4
1640	4
1641	2
1642	4
1643	3
1644	2
1645	2
1646	2
1647	4
1648	2
1649	2
1650	2
1651	4
1652	4
1653	3
1654	4
1655	4
1656	4
1657	4
1658	4
1659	4
1660	4
1661	4
1662	4
1663	4
1664	4
1665	2
1666	4
1667	4
1668	2
1669	4
1670	4
1671	2
1672	2
1673	2
1674	2
1675	2
1676	4
1677	4
1678	4
1679	0
1680	4
1681	2
1682	4
1683	4
1684	3
1685	1
1686	0
1687	0
1688	4
1689	4
1690	2
1691	4
1692	0
1693	1
1694	4
1695	0
1696	4
1697	4
1698	2
1699	2
1700	2
1701	4
1702	2
1703	4
1704	0
1705	4
1706	4
1707	3
1708	4
1709	4
1710	4
1711	4
1712	4
1713	2
1714	4
1715	4
1716	0
1717	4
1718	1
1719	4
1720	0
1721	4
1722	2
1723	3
1724	2
1725	2
1726	2
1727	4
1728	4
1729	2
1730	4
1731	4
1732	4
1733	3
1734	4
1735	2
1736	2
1737	2
1738	2
1739	0
1740	3
1741	0
1742	2
1743	2
1744	3
1745	4
1746	1
1747	2
1748	4
1749	3
1750	3
1751	2
1752	4
1753	4
1754	3
1755	4
1756	4
1757	2
1758	2
1759	4
1760	2
1761	4
1762	4
1763	2
1764	4
1765	2
1766	2
1767	4
1768	2
1769	4
1770	2
1771	4
1772	4
1773	0
1774	0
1775	4
1776	4
1777	0
1778	4
1779	4
1780	4
1781	4
1782	4
1783	0
1784	4
1785	4
1786	3
1787	1
1788	4
1789	4
1790	4
1791	4
1792	2
1793	4
1794	4
1795	4
1796	4
1797	2
1798	4
1799	0
1800	4
1801	2
1802	4
1803	4
1804	0
1805	4
1806	3
1807	4
1808	0
1809	2
1810	4
1811	0
1812	2
1813	3
1814	4
1815	4
1816	4
1817	0
1818	0
1819	4
1820	4
1821	4
1822	4
1823	4
1824	2
1825	4
1826	2
1827	2
1828	2
1829	4
1830	2
1831	0
1832	1
1833	3
1834	4
1835	4
1836	2
1837	0
1838	1
1839	2
1840	0
1841	4
1842	4
1843	4
1844	4
1845	4
1846	2
1847	0
1848	1
1849	4
1850	4
1851	3
1852	2
1853	2
1854	4
1855	2
1856	4
1857	4
1858	2
1859	4
1860	4
1861	2
1862	2
1863	4
1864	4
1865	4
1866	0
1867	4
1868	3
1869	4
1870	0
1871	0
1872	4
1873	2
1874	0
1875	3
1876	4
1877	1
1878	1
1879	4
1880	4
1881	0
1882	3
1883	3
1884	4
1885	2
1886	3
1887	4
1888	2
1889	4
1890	3
1891	2
1892	2
1893	1
1894	4
1895	4
1896	4
1897	1
1898	2
1899	2
1900	2
1901	4
1902	4
1903	4
1904	1
1905	4
1906	3
1907	4
1908	0
1909	3
1910	3
1911	0
1912	4
1913	4
1914	4
1915	4
1916	1
1917	4
1918	4
1919	4
1920	0
1921	2
1922	0
1923	4
1924	4
1925	0
1926	1
1927	2
1928	4
1929	4
1930	2
1931	4
1932	4
1933	2
1934	0
1935	4
1936	4
1937	4
1938	4
1939	3
1940	4
1941	4
1942	4
1943	4
1944	4
1945	4
1946	4
1947	2
1948	4
1949	2
1950	2
1951	2
1952	4
1953	2
1954	1
1955	4
1956	3
1957	4
1958	2
1959	4
1960	4
1961	4
1962	3
1963	3
1964	2
1965	1
1966	2
1967	4
1968	2
1969	0
1970	4
1971	4
1972	2
1973	4
1974	4
1975	4
1976	2
1977	4
1978	4
1979	4
1980	3
1981	0
1982	4
1983	0
1984	4
1985	4
1986	2
1987	2
1988	2
1989	2
1990	4
1991	2
1992	2
1993	4
1994	2
1995	4
1996	2
1997	4
1998	4
1999	2
2000	4
2001	4
2002	2
2003	2
2004	2
2005	4
2006	4
2007	2
2008	1
2009	4
2010	2
2011	2
2012	0
2013	2
2014	4
2015	2
2016	0
2017	4
2018	2
2019	2
2020	4
2021	4
2022	4
2023	2
2024	4
2025	4
2026	4
2027	4
2028	2
2029	0
2030	2
2031	2
2032	2
2033	2
2034	4
2035	3
2036	2
2037	4
2038	4
2039	4
2040	2
2041	0
2042	4
2043	1
2044	4
2045	3
2046	3
2047	0
2048	4
2049	2
2050	2
2051	2
2052	2
2053	0
2054	4
2055	4
2056	4
2057	2
2058	2
2059	4
2060	4
2061	4
2062	4
2063	4
2064	0
2065	0
2066	2
2067	2
2068	2
2069	2
2070	4
2071	2
2072	4
2073	4
2074	2
2075	2
2076	4
2077	4
2078	2
2079	1
2080	4
2081	4
2082	2
2083	4
2084	4
2085	4
2086	4
2087	0
2088	2
2089	4
2090	2
2091	2
2092	4
2093	2
2094	4
2095	2
2096	4
2097	2
2098	4
2099	4
2100	2
2101	4
2102	2
2103	2
2104	2
2105	4
2106	2
2107	4
2108	4
2109	2
2110	4
2111	2
2112	4
2113	4
2114	4
2115	0
2116	1
2117	4
2118	4
2119	2
2120	1
2121	4
2122	2
2123	3
2124	2
2125	4
2126	4
2127	4
2128	0
2129	4
2130	1
2131	2
2132	2
2133	2
2134	4
2135	3
2136	4
2137	4
2138	4
2139	4
2140	4
2141	4
2142	4
2143	2
2144	4
2145	4
2146	2
2147	4
2148	0
2149	4
2150	2
2151	4
2152	0
2153	2
2154	3
2155	0
2156	4
2157	3
2158	2
2159	3
2160	0
2161	4
2162	2
2163	3
2164	2
2165	4
2166	2
2167	2
2168	3
2169	4
2170	4
2171	4
2172	4
2173	1
2174	4
2175	4
2176	4
2177	2
2178	2
2179	4
2180	2
2181	2
2182	2
2183	2
2184	2
2185	4
2186	4
2187	1
2188	4
2189	2
2190	0
2191	2
2192	2
2193	4
2194	4
2195	4
2196	0
2197	4
2198	4
2199	3
2200	4
2201	4
2202	2
2203	4
2204	0
2205	4
2206	4
2207	1
2208	4
2209	4
2210	2
2211	2
2212	0
2213	4
2214	3
2215	3
2216	4
2217	2
2218	4
2219	2
2220	4
2221	2
2222	4
2223	2
2224	3
2225	2
2226	4
2227	2
2228	3
2229	3
2230	2
2231	2
2232	4
2233	3
2234	3
2235	2
2236	2
2237	4
2238	4
2239	4
2240	2
2241	2
2242	4
2243	0
2244	0
2245	4
2246	4
2247	4
2248	4
2249	4
2250	0
2251	0
2252	4
2253	4
2254	1
2255	3
2256	3
2257	4
2258	4
2259	4
2260	4
2261	4
2262	3
2263	4
2264	2
2265	4
2266	2
2267	4
2268	4
2269	4
2270	2
2271	4
2272	4
2273	1
2274	0
2275	4
2276	2
2277	4
2278	2
2279	4
2280	2
2281	4
2282	4
2283	1
2284	3
2285	0
2286	2
2287	4
2288	2
2289	2
2290	3
2291	2
2292	4
2293	2
2294	4
2295	0
2296	2
2297	4
2298	0
2299	4
2300	4
2301	4
2302	2
2303	2
2304	2
2305	2
2306	1
2307	4
2308	4
2309	2
2310	4
2311	4
2312	4
2313	2
2314	4
2315	4
2316	0
2317	4
2318	2
2319	4
2320	4
2321	2
2322	4
2323	4
2324	2
2325	4
2326	4
2327	3
2328	0
2329	4
2330	4
2331	2
2332	3
2333	2
2334	4
2335	2
2336	2
2337	2
2338	2
2339	3
2340	4
2341	2
2342	4
2343	4
2344	4
2345	4
2346	4
2347	2
2348	2
2349	4
2350	0
2351	4
2352	2
2353	2
2354	4
2355	2
2356	4
2357	2
2358	4
2359	2
2360	2
2361	4
2362	2
2363	2
2364	2
2365	2
2366	2
2367	2
2368	2
2369	4
2370	4
2371	0
2372	4
2373	0
2374	4
2375	2
2376	2
2377	2
2378	4
2379	3
2380	4
2381	0
2382	4
2383	4
2384	2
2385	2
2386	4
2387	3
2388	2
2389	0
2390	1
2391	4
2392	3
2393	4
2394	3
2395	4
2396	4
2397	4
2398	4
2399	4
2400	4
2401	1
2402	0
2403	2
2404	4
2405	2
2406	4
2407	3
2408	4
2409	4
2410	2
2411	4
2412	2
2413	3
2414	3
2415	4
2416	3
2417	4
2418	4
2419	4
2420	4
2421	4
2422	4
2423	2
2424	3
2425	4
2426	0
2427	1
2428	4
2429	4
2430	4
2431	4
2432	2
2433	2
2434	0
2435	2
2436	4
2437	4
2438	4
2439	4
2440	3
2441	2
2442	0
2443	4
2444	1
2445	4
2446	4
2447	2
2448	4
2449	2
2450	1
2451	4
2452	4
2453	2
2454	4
2455	2
2456	4
2457	1
2458	0
2459	4
2460	2
2461	4
2462	2
2463	2
2464	4
2465	4
2466	4
2467	4
2468	2
2469	2
2470	4
2471	2
2472	2
2473	0
2474	1
2475	3
2476	4
2477	3
2478	4
2479	0
2480	2
2481	4
2482	3
2483	4
2484	2
2485	4
2486	4
2487	4
2488	4
2489	2
2490	2
2491	0
2492	4
2493	4
2494	4
2495	4
2496	0
2497	2
2498	2
2499	4
2500	4
2501	4
2502	4
2503	4
2504	4
2505	4
2506	2
2507	4
2508	4
2509	2
2510	4
2511	4
2512	4
2513	1
2514	2
2515	4
2516	0
2517	4
2518	4
2519	2
2520	4
2521	0
2522	3
2523	2
2524	4
2525	0
2526	3
2527	4
2528	4
2529	2
2530	4
2531	4
2532	4
2533	4
2534	4
2535	0
2536	4
2537	4
2538	3
2539	3
2540	4
2541	4
2542	4
2543	4
2544	4
2545	2
2546	2
2547	4
2548	4
2549	3
2550	0
2551	4
2552	2
2553	3
2554	2
2555	4
2556	4
2557	0
2558	2
2559	4
2560	4
2561	4
2562	3
2563	4
2564	4
2565	2
2566	0
2567	4
2568	2
2569	2
2570	4
2571	4
2572	2
2573	4
2574	4
2575	2
2576	4
2577	4
2578	2
2579	4
2580	4
2581	2
2582	2
2583	4
2584	4
2585	0
2586	3
2587	4
2588	0
2589	4
2590	4
2591	4
2592	4
2593	4
2594	2
2595	2
2596	2
2597	4
2598	2
2599	4
2600	2
2601	4
2602	1
2603	4
2604	2
2605	4
2606	4
2607	4
2608	1
2609	0
2610	4
2611	2
2612	4
2613	2
2614	2
2615	4
2616	4
2617	2
2618	4
2619	2
2620	0
2621	2
2622	1
2623	0
2624	0
2625	4
2626	4
2627	2
2628	0
2629	4
2630	4
2631	0
2632	4
2633	4
2634	4
2635	4
2636	2
2637	2
2638	4
2639	2
2640	2
2641	2
2642	4
2643	0
2644	3
2645	4
2646	1
2647	2
2648	4
2649	2
2650	4
2651	2
2652	4
2653	3
2654	4
2655	4
2656	1
2657	4
2658	2
2659	4
2660	2
2661	0
2662	3
2663	4
2664	4
2665	4
2666	4
2667	0
2668	4
2669	4
2670	0
2671	2
2672	4
2673	4
2674	4
2675	2
2676	3
2677	4
2678	2
2679	4
2680	0
2681	0
2682	2
2683	3
2684	2
2685	4
2686	1
2687	2
2688	2
2689	2
2690	2
2691	3
2692	4
2693	4
2694	2
2695	4
2696	4
2697	4
2698	2
2699	2
2700	2
2701	4
2702	4
2703	2
2704	4
2705	4
2706	2
2707	4
2708	4
2709	2
2710	0
2711	4
2712	2
2713	4
2714	2
2715	0
2716	3
2717	2
2718	1
2719	4
2720	2
2721	4
2722	4
2723	4
2724	4
2725	4
2726	2
2727	2
2728	4
2729	2
2730	4
2731	2
2732	4
2733	4
2734	2
2735	4
2736	2
2737	2
2738	4
2739	3
2740	4
2741	4
2742	2
2743	4
2744	4
2745	4
2746	0
2747	4
2748	2
2749	4
2750	0
2751	3
2752	4
2753	4
2754	2
2755	4
2756	4
2757	4
2758	2
2759	2
2760	4
2761	4
2762	4
2763	4
2764	4
2765	2
2766	4
2767	2
2768	4
2769	4
2770	0
2771	2
2772	4
2773	4
2774	4
2775	1
2776	2
2777	1
2778	2
2779	2
2780	4
2781	4
2782	2
2783	3
2784	4
2785	3
2786	1
2787	4
2788	4
2789	4
2790	4
2791	4
2792	3
2793	4
2794	2
2795	1
2796	4
2797	2
2798	4
2799	2
2800	2
2801	4
2802	4
2803	3
2804	4
2805	0
2806	4
2807	4
2808	0
2809	4
2810	0
2811	4
2812	4
2813	2
2814	4
2815	4
2816	4
2817	4
2818	4
2819	2
2820	2
2821	4
2822	2
2823	2
2824	4
2825	3
2826	2
2827	4
2828	4
2829	2
2830	2
2831	3
2832	2
2833	2
2834	1
2835	4
2836	2
2837	0
2838	2
2839	2
2840	4
2841	2
2842	4
2843	4
2844	4
2845	2
2846	2
2847	4
2848	3
2849	2
2850	4
2851	4
2852	4
2853	4
2854	2
2855	2
2856	4
2857	4
2858	2
2859	4
2860	4
2861	4
2862	1
2863	4
2864	2
2865	1
2866	4
2867	1
2868	2
2869	4
2870	4
2871	4
2872	2
2873	2
2874	4
2875	4
2876	2
2877	4
2878	4
2879	3
2880	2
2881	0
2882	4
2883	0
2884	2
2885	4
2886	2
2887	2
2888	2
2889	3
2890	4
2891	4
2892	4
2893	4
2894	4
2895	3
2896	4
2897	4
2898	4
2899	2
2900	4
2901	4
2902	4
2903	4
2904	4
2905	0
2906	4
2907	0
2908	0
2909	1
2910	2
2911	4
2912	4
2913	4
2914	2
2915	4
2916	2
2917	3
2918	4
2919	4
2920	4
2921	4
2922	1
2923	0
2924	4
2925	0
2926	2
2927	4
2928	4
2929	1
2930	4
2931	4
2932	4
2933	0
2934	2
2935	0
2936	2
2937	3
2938	2
2939	0
2940	2
2941	4
2942	4
2943	4
2944	4
2945	4
2946	2
2947	2
2948	4
2949	2
2950	4
2951	0
2952	3
2953	4
2954	2
2955	4
2956	2
2957	0
2958	4
2959	4
2960	4
2961	2
2962	2
2963	2
2964	4
2965	2
2966	4
2967	4
2968	4
2969	0
2970	4
2971	4
2972	4
2973	2
2974	4
2975	4
2976	2
2977	3
2978	2
2979	0
2980	4
2981	2
2982	2
2983	0
2984	1
2985	4
2986	4
2987	2
2988	4
2989	2
2990	4
2991	4
2992	4
2993	1
2994	2
2995	0
2996	2
2997	1
2998	4
2999	2
3000	4
3001	4
3002	2
3003	4
3004	4
3005	2
3006	4
3007	4
3008	4
3009	4
3010	4
3011	3
3012	3
3013	4
3014	4
3015	4
3016	2
3017	0
3018	2
3019	0
3020	1
3021	2
3022	4
3023	3
3024	0
3025	4
3026	4
3027	4
3028	0
3029	4
3030	4
3031	0
3032	2
3033	1
3034	4
3035	4
3036	0
3037	4
3038	0
3039	4
3040	4
3041	4
3042	2
3043	4
3044	4
3045	2
3046	2
3047	2
3048	4
3049	2
3050	0
3051	4
3052	4
3053	2
3054	2
3055	4
3056	4
3057	4
3058	4
3059	2
3060	1
3061	2
3062	3
3063	4
3064	4
3065	2
3066	4
3067	2
3068	0
3069	4
3070	4
3071	4
3072	2
3073	4
3074	0
3075	4
3076	2
3077	4
3078	4
3079	4
3080	2
3081	4
3082	4
3083	4
3084	4
3085	4
3086	2
3087	4
3088	1
3089	2
3090	4
3091	0
3092	2
3093	4
3094	4
3095	2
3096	3
3097	1
3098	3
3099	4
3100	4
3101	4
3102	4
3103	3
3104	4
3105	2
3106	4
3107	1
3108	0
3109	2
3110	0
3111	4
3112	3
3113	2
3114	2
3115	4
3116	0
3117	3
3118	0
3119	4
3120	4
3121	1
3122	2
3123	4
3124	2
3125	4
3126	2
3127	3
3128	4
3129	2
3130	4
3131	2
3132	3
3133	4
3134	2
3135	2
3136	4
3137	4
3138	2
3139	0
3140	3
3141	4
3142	4
3143	4
3144	4
3145	2
3146	4
3147	4
3148	4
3149	2
3150	3
3151	0
3152	4
3153	2
3154	4
3155	4
3156	1
3157	4
3158	4
3159	2
3160	2
3161	4
3162	0
3163	3
3164	4
3165	4
3166	4
3167	4
3168	4
3169	1
3170	4
3171	4
3172	2
3173	3
3174	2
3175	4
3176	4
3177	4
3178	2
3179	4
3180	4
3181	4
3182	4
3183	0
3184	4
3185	2
3186	0
3187	2
3188	3
3189	3
3190	2
3191	0
3192	2
3193	3
3194	3
3195	4
3196	4
3197	4
3198	2
3199	2
3200	4
3201	4
3202	2
3203	4
3204	4
3205	2
3206	4
3207	4
3208	0
3209	0
3210	0
3211	4
3212	0
3213	4
3214	2
3215	4
3216	4
3217	4
3218	4
3219	2
3220	2
3221	2
3222	4
3223	4
3224	4
3225	4
3226	4
3227	2
3228	4
3229	4
3230	0
3231	4
3232	3
3233	3
3234	4
3235	4
3236	4
3237	1
3238	4
3239	2
3240	4
3241	3
3242	2
3243	4
3244	4
3245	1
3246	2
3247	4
3248	4
3249	4
3250	4
3251	2
3252	2
3253	2
3254	2
3255	2
3256	4
3257	2
3258	4
3259	2
3260	2
3261	3
3262	4
3263	0
3264	4
3265	4
3266	2
3267	4
3268	0
3269	1
3270	4
3271	2
3272	4
3273	1
3274	4
3275	4
3276	4
3277	2
3278	4
3279	4
3280	4
3281	2
3282	4
3283	0
3284	0
3285	2
3286	4
3287	4
3288	2
3289	4
3290	4
3291	3
3292	0
3293	4
3294	2
3295	2
3296	4
3297	2
3298	0
3299	4
3300	2
3301	2
3302	4
3303	4
3304	4
3305	4
3306	1
3307	2
3308	4
3309	2
3310	4
3311	2
3312	3
3313	2
3314	4
3315	4
3316	2
3317	4
3318	2
3319	0
3320	0
3321	0
3322	2
3323	4
3324	4
3325	4
3326	2
3327	4
3328	2
3329	2
3330	4
3331	4
3332	4
3333	4
3334	2
3335	4
3336	4
3337	4
3338	4
3339	0
3340	2
3341	2
3342	4
3343	2
3344	4
3345	4
3346	4
3347	2
3348	4
3349	3
3350	4
3351	2
3352	4
3353	2
3354	4
3355	4
3356	2
3357	4
3358	4
3359	2
3360	2
3361	2
3362	2
3363	4
3364	4
3365	2
3366	4
3367	2
3368	4
3369	4
3370	4
3371	1
3372	0
3373	4
3374	4
3375	2
3376	4
3377	2
3378	2
3379	2
3380	1
3381	2
3382	2
3383	2
3384	4
3385	4
3386	4
3387	2
3388	0
3389	2
3390	4
3391	1
3392	4
3393	2
3394	0
3395	2
3396	2
3397	1
3398	4
3399	0
3400	2
3401	3
3402	4
3403	4
3404	4
3405	2
3406	4
3407	4
3408	1
3409	0
3410	1
3411	4
3412	4
3413	4
3414	4
3415	4
3416	4
3417	4
3418	1
3419	4
3420	2
3421	2
3422	4
3423	0
3424	2
3425	4
3426	4
3427	2
3428	2
3429	4
3430	2
3431	2
3432	4
3433	4
3434	4
3435	2
3436	4
3437	0
3438	1
3439	3
3440	1
3441	1
3442	4
3443	4
3444	3
3445	1
3446	2
3447	4
3448	4
3449	4
3450	4
3451	4
3452	2
3453	4
3454	2
3455	2
3456	4
3457	4
3458	1
3459	4
3460	0
3461	3
3462	2
3463	2
3464	4
3465	4
3466	4
3467	4
3468	2
3469	1
3470	1
3471	4
3472	2
3473	2
3474	0
3475	2
3476	4
3477	2
3478	4
3479	4
3480	4
3481	4
3482	4
3483	2
3484	3
3485	4
3486	2
3487	2
3488	2
3489	2
3490	4
3491	1
3492	4
3493	2
3494	2
3495	3
3496	4
3497	0
3498	3
3499	4
3500	2
3501	4
3502	4
3503	4
3504	2
3505	2
3506	4
3507	4
3508	4
3509	2
3510	4
3511	2
3512	4
3513	2
3514	4
3515	4
3516	2
3517	3
3518	4
3519	2
3520	1
3521	3
3522	4
3523	4
3524	4
3525	3
3526	4
3527	3
3528	4
3529	1
3530	4
3531	4
3532	4
3533	4
3534	3
3535	4
3536	4
3537	4
3538	2
3539	4
3540	1
3541	3
3542	2
3543	2
3544	2
3545	4
3546	4
3547	2
3548	4
3549	4
3550	4
3551	0
3552	4
3553	2
3554	4
3555	4
3556	3
3557	4
3558	0
3559	3
3560	4
3561	0
3562	4
3563	3
3564	4
3565	4
3566	0
3567	2
3568	2
3569	4
3570	4
3571	4
3572	2
3573	2
3574	2
3575	4
3576	0
3577	2
3578	4
3579	2
3580	4
3581	4
3582	4
3583	0
3584	2
3585	4
3586	4
3587	4
3588	1
3589	4
3590	4
3591	2
3592	4
3593	4
3594	0
3595	0
3596	2
3597	0
3598	2
3599	4
3600	2
3601	2
3602	0
3603	4
3604	2
3605	2
3606	0
3607	0
3608	2
3609	3
3610	0
3611	4
3612	4
3613	4
3614	4
3615	2
3616	2
3617	4
3618	2
3619	4
3620	2
3621	2
3622	4
3623	4
3624	4
3625	3
3626	4
3627	4
3628	2
3629	4
3630	0
3631	2
3632	4
3633	4
3634	3
3635	2
3636	2
3637	2
3638	2
3639	2
3640	2
3641	3
3642	4
3643	4
3644	4
3645	3
3646	4
3647	4
3648	1
3649	2
3650	0
3651	2
3652	2
3653	2
3654	4
3655	4
3656	4
3657	4
3658	4
3659	2
3660	4
3661	4
3662	2
3663	3
3664	4
3665	2
3666	3
3667	4
3668	4
3669	2
3670	4
3671	1
3672	4
3673	4
3674	4
3675	0
3676	2
3677	4
3678	2
3679	3
3680	4
3681	2
3682	2
3683	4
3684	4
3685	2
3686	0
3687	2
3688	0
3689	2
3690	0
3691	4
3692	4
3693	4
3694	2
3695	3
3696	1
3697	0
3698	4
3699	2
3700	2
3701	4
3702	0
3703	4
3704	2
3705	4
3706	4
3707	4
3708	2
3709	4
3710	4
3711	4
3712	4
3713	4
3714	2
3715	4
3716	4
3717	4
3718	4
3719	2
3720	4
3721	4
3722	4
3723	4
3724	4
3725	4
3726	4
3727	4
3728	4
3729	2
3730	2
3731	4
3732	1
3733	4
3734	3
3735	2
3736	2
3737	2
3738	0
3739	4
3740	4
3741	2
3742	2
3743	2
3744	4
3745	4
3746	4
3747	1
3748	4
3749	4
3750	2
3751	4
3752	2
3753	2
3754	2
3755	4
3756	4
3757	2
3758	4
3759	3
3760	1
3761	3
3762	1
3763	4
3764	2
3765	4
3766	3
3767	2
3768	4
3769	2
3770	3
3771	4
3772	2
3773	4
3774	2
3775	4
3776	4
3777	1
3778	2
3779	0
3780	2
3781	2
3782	1
3783	4
3784	4
3785	4
3786	2
3787	4
3788	0
3789	4
3790	4
3791	4
3792	2
3793	4
3794	2
3795	4
3796	4
3797	4
3798	4
3799	4
3800	4
3801	1
3802	2
3803	0
3804	1
3805	4
3806	2
3807	0
3808	4
3809	3
3810	4
3811	0
3812	4
3813	2
3814	4
3815	4
3816	4
3817	4
3818	2
3819	4
3820	4
3821	2
3822	4
3823	4
3824	3
3825	2
3826	0
3827	1
3828	3
3829	2
3830	4
3831	4
3832	4
3833	4
3834	4
3835	2
3836	2
3837	1
3838	2
3839	4
3840	4
3841	4
3842	0
3843	1
3844	2
3845	0
3846	2
3847	2
3848	4
3849	4
3850	4
3851	2
3852	2
3853	4
3854	4
3855	2
3856	4
3857	2
3858	4
3859	2
3860	2
3861	4
3862	0
3863	4
3864	2
3865	4
3866	3
3867	2
3868	4
3869	3
3870	0
3871	4
3872	2
3873	4
3874	2
3875	4
3876	0
3877	2
3878	1
3879	4
3880	4
3881	4
3882	4
3883	2
3884	1
3885	0
3886	3
3887	2
3888	2
3889	0
3890	2
3891	4
3892	2
3893	3
3894	4
3895	4
3896	4
3897	0
3898	2
3899	4
3900	4
3901	1
3902	4
3903	4
3904	0
3905	4
3906	0
3907	4
3908	4
3909	4
3910	2
3911	2
3912	4
3913	4
3914	4
3915	4
3916	4
3917	2
3918	2
3919	4
3920	4
3921	2
3922	2
3923	2
3924	4
3925	2
3926	2
3927	2
3928	4
3929	1
3930	0
3931	4
3932	3
3933	2
3934	4
3935	4
3936	2
3937	4
3938	3
3939	0
3940	2
3941	0
3942	4
3943	4
3944	2
3945	4
3946	0
3947	3
3948	4
3949	2
3950	1
3951	4
3952	4
3953	1
3954	2
3955	4
3956	4
3957	2
3958	4
3959	4
3960	4
3961	4
3962	4
3963	4
3964	1
3965	4
3966	2
3967	2
3968	4
3969	2
3970	3
3971	2
3972	4
3973	4
3974	2
3975	2
3976	2
3977	1
3978	4
3979	2
3980	4
3981	4
3982	2
3983	0
3984	2
3985	3
3986	2
3987	4
3988	2
3989	2
3990	4
3991	2
3992	3
3993	2
3994	4
3995	0
3996	2
3997	3
3998	4
3999	4
4000	1
4001	4
4002	4
4003	4
4004	4
4005	3
4006	3
4007	2
4008	0
4009	4
4010	3
4011	4
4012	4
4013	4
4014	3
4015	4
4016	0
4017	3
4018	3
4019	4
4020	4
4021	2
4022	2
4023	4
4024	4
4025	4
4026	4
4027	2
4028	2
4029	0
4030	4
4031	4
4032	2
4033	4
4034	3
4035	4
4036	2
4037	1
4038	4
4039	4
4040	2
4041	4
4042	0
4043	4
4044	4
4045	4
4046	4
4047	4
4048	4
4049	1
4050	2
4051	4
4052	0
4053	0
4054	2
4055	0
4056	4
4057	1
4058	2
4059	0
4060	3
4061	2
4062	0
4063	2
4064	4
4065	2
4066	3
4067	1
4068	2
4069	4
4070	3
4071	2
4072	4
4073	2
4074	4
4075	4
4076	2
4077	2
4078	4
4079	4
4080	2
4081	4
4082	2
4083	4
4084	4
4085	4
4086	0
4087	4
4088	2
4089	2
4090	4
4091	4
4092	4
4093	4
4094	0
4095	4
4096	0
4097	1
4098	2
4099	0
4100	2
4101	2
4102	4
4103	4
4104	4
4105	3
4106	3
4107	4
4108	4
4109	4
4110	4
4111	0
4112	2
4113	2
4114	4
4115	4
4116	4
4117	4
4118	2
4119	4
4120	2
4121	0
4122	3
4123	2
4124	2
4125	4
4126	4
4127	1
4128	4
4129	2
4130	0
4131	2
4132	4
4133	4
4134	4
4135	1
4136	2
4137	4
4138	4
4139	3
4140	4
4141	4
4142	1
4143	4
4144	4
4145	4
4146	2
4147	0
4148	3
4149	4
4150	4
4151	4
4152	3
4153	4
4154	2
4155	4
4156	2
4157	4
4158	4
4159	2
4160	0
4161	4
4162	2
4163	2
4164	4
4165	0
4166	4
4167	4
4168	4
4169	2
4170	4
4171	0
4172	4
4173	2
4174	3
4175	4
4176	2
4177	3
4178	3
4179	3
4180	0
4181	2
4182	4
4183	4
4184	4
4185	0
4186	4
4187	4
4188	4
4189	4
4190	4
4191	4
4192	4
4193	0
4194	4
4195	4
4196	4
4197	4
4198	0
4199	2
4200	2
4201	3
4202	2
4203	2
4204	4
4205	4
4206	4
4207	0
4208	2
4209	2
4210	2
4211	3
4212	3
4213	0
4214	2
4215	4
4216	4
4217	0
4218	2
4219	2
4220	4
4221	4
4222	4
4223	2
4224	4
4225	2
4226	3
4227	4
4228	0
4229	4
4230	4
4231	4
4232	2
4233	1
4234	4
4235	2
4236	4
4237	4
4238	2
4239	4
4240	2
4241	4
4242	2
4243	2
4244	3
4245	4
4246	2
4247	4
4248	4
4249	3
4250	4
4251	4
4252	2
4253	4
4254	4
4255	2
4256	0
4257	4
4258	3
4259	4
4260	3
4261	2
4262	4
4263	2
4264	3
4265	0
4266	2
4267	0
4268	4
4269	1
4270	2
4271	2
4272	2
4273	2
4274	4
4275	2
4276	2
4277	2
4278	2
4279	2
4280	4
4281	0
4282	3
4283	4
4284	0
4285	3
4286	4
4287	4
4288	2
4289	4
4290	4
4291	4
4292	4
4293	4
4294	3
4295	2
4296	0
4297	0
4298	4
4299	2
4300	2
4301	4
4302	0
4303	4
4304	4
4305	0
4306	0
4307	2
4308	2
4309	2
4310	1
4311	2
4312	4
4313	4
4314	4
4315	3
4316	2
4317	0
4318	4
4319	3
4320	2
4321	0
4322	3
4323	4
4324	2
4325	1
4326	4
4327	4
4328	4
4329	4
4330	4
4331	4
4332	4
4333	0
4334	4
4335	0
4336	4
4337	2
4338	4
4339	4
4340	2
4341	2
4342	2
4343	4
4344	2
4345	4
4346	0
4347	2
4348	4
4349	2
4350	4
4351	4
4352	4
4353	4
4354	4
4355	3
4356	4
4357	2
4358	0
4359	0
4360	2
4361	0
4362	0
4363	0
4364	4
4365	4
4366	1
4367	0
4368	2
4369	2
4370	2
4371	3
4372	2
4373	2
4374	4
4375	4
4376	0
4377	4
4378	2
4379	1
4380	1
4381	3
4382	0
4383	4
4384	1
4385	0
4386	2
4387	4
4388	2
4389	4
4390	3
4391	0
4392	0
4393	4
4394	3
4395	4
4396	3
4397	4
4398	2
4399	2
4400	2
4401	4
4402	4
4403	2
4404	0
4405	2
4406	3
4407	2
4408	0
4409	0
4410	4
4411	4
4412	3
4413	2
4414	0
4415	3
4416	4
4417	4
4418	2
4419	1
4420	4
4421	4
4422	4
4423	4
4424	0
4425	4
4426	3
4427	4
4428	4
4429	2
4430	2
4431	1
4432	3
4433	0
4434	3
4435	2
4436	4
4437	0
4438	3
4439	0
4440	4
4441	3
4442	4
4443	1
4444	4
4445	0
4446	0
4447	0
4448	4
4449	4
4450	4
4451	2
4452	3
4453	0
4454	3
4455	2
4456	0
4457	2
4458	2
4459	4
4460	0
4461	2
4462	4
4463	4
4464	4
4465	4
4466	2
4467	1
4468	4
4469	4
4470	2
4471	3
4472	1
4473	4
4474	2
4475	4
4476	4
4477	2
4478	0
4479	4
4480	1
4481	3
4482	4
4483	3
4484	1
4485	4
4486	4
4487	3
4488	4
4489	1
4490	3
4491	4
4492	0
4493	4
4494	2
4495	0
4496	1
4497	1
4498	4
4499	2
4500	0
4501	2
4502	3
4503	4
4504	4
4505	1
4506	3
4507	0
4508	4
4509	0
4510	0
4511	1
4512	3
4513	2
4514	2
4515	4
4516	0
4517	4
4518	4
4519	2
4520	3
4521	2
4522	4
4523	4
4524	2
4525	0
4526	3
4527	0
4528	4
4529	2
4530	0
4531	0
4532	4
4533	1
4534	2
4535	4
4536	1
4537	4
4538	0
4539	2
4540	0
4541	3
4542	3
4543	3
4544	2
4545	2
4546	0
4547	2
4548	1
4549	2
4550	3
4551	4
4552	4
4553	4
4554	2
4555	4
4556	4
4557	1
4558	4
4559	3
4560	4
4561	4
4562	4
4563	0
4564	2
4565	3
4566	0
4567	2
4568	2
4569	4
4570	4
4571	4
4572	0
4573	1
4574	4
4575	2
4576	3
4577	0
4578	2
4579	1
4580	4
4581	1
4582	1
4583	0
4584	2
4585	0
4586	3
4587	0
4588	0
4589	0
4590	4
4591	4
4592	3
4593	4
4594	3
4595	4
4596	2
4597	3
4598	4
4599	0
4600	4
4601	2
4602	0
4603	3
4604	2
4605	4
4606	4
4607	4
4608	0
4609	4
4610	4
4611	2
4612	0
4613	4
4614	2
4615	4
4616	4
4617	4
4618	3
4619	3
4620	0
4621	2
4622	2
4623	1
4624	0
4625	4
4626	2
4627	4
4628	2
4629	4
4630	4
4631	0
4632	1
4633	0
4634	2
4635	2
4636	2
4637	4
4638	3
4639	1
4640	0
4641	4
4642	3
4643	4
4644	2
4645	1
4646	0
4647	2
4648	0
4649	4
4650	4
4651	2
4652	4
4653	1
4654	4
4655	2
4656	0
4657	4
4658	4
4659	2
4660	4
4661	2
4662	0
4663	1
4664	4
4665	0
4666	4
4667	2
4668	4
4669	0
4670	2
4671	4
4672	4
4673	4
4674	2
4675	2
4676	3
4677	2
4678	2
4679	4
4680	2
4681	0
4682	2
4683	4
4684	0
4685	4
4686	2
4687	2
4688	2
4689	2
4690	0
4691	4
4692	0
4693	4
4694	0
4695	4
4696	1
4697	2
4698	4
4699	4
4700	1
4701	4
4702	4
4703	4
4704	4
4705	4
4706	2
4707	2
4708	2
4709	4
4710	0
4711	4
4712	4
4713	0
4714	3
4715	4
4716	4
4717	3
4718	3
4719	1
4720	2
4721	3
4722	4
4723	4
4724	2
4725	2
4726	1
4727	0
4728	0
4729	2
4730	2
4731	0
4732	4
4733	0
4734	3
4735	4
4736	4
4737	0
4738	2
4739	2
4740	2
4741	0
4742	2
4743	1
4744	0
4745	4
4746	3
4747	0
4748	0
4749	4
4750	0
4751	4
4752	4
4753	2
4754	2
4755	4
4756	4
4757	4
4758	0
4759	4
4760	0
4761	0
4762	0
4763	4
4764	4
4765	4
4766	2
4767	4
4768	3
4769	4
4770	2
4771	4
4772	2
4773	0
4774	4
4775	2
4776	3
4777	2
4778	4
4779	4
4780	4
4781	4
4782	2
4783	1
4784	3
4785	2
4786	4
4787	4
4788	2
4789	4
4790	3
4791	2
4792	0
4793	4
4794	4
4795	2
4796	3
4797	3
4798	4
4799	4
4800	4
4801	4
4802	4
4803	2
4804	0
4805	4
4806	4
4807	2
4808	3
4809	4
4810	4
4811	0
4812	4
4813	0
4814	4
4815	1
4816	2
4817	2
4818	2
4819	4
4820	0
4821	2
4822	1
4823	0
4824	4
4825	4
4826	3
4827	4
4828	0
4829	1
4830	2
4831	3
4832	3
4833	4
4834	4
4835	2
4836	2
4837	4
4838	0
4839	2
4840	1
4841	0
4842	2
4843	1
4844	4
4845	4
4846	4
4847	4
4848	0
4849	4
4850	4
4851	0
4852	2
4853	4
4854	3
4855	2
4856	0
4857	2
4858	4
4859	0
4860	2
4861	4
4862	0
4863	1
4864	4
4865	4
4866	2
4867	2
4868	4
4869	2
4870	2
4871	4
4872	4
4873	4
4874	4
4875	4
4876	4
4877	2
4878	4
4879	2
4880	4
4881	4
4882	0
4883	4
4884	4
4885	2
4886	4
4887	0
4888	0
4889	2
4890	0
4891	4
4892	1
4893	0
4894	0
4895	1
4896	2
4897	4
4898	2
4899	4
4900	1
4901	0
4902	0
4903	0
4904	0
4905	0
4906	2
4907	3
4908	2
4909	0
4910	0
4911	3
4912	2
4913	4
4914	4
4915	0
4916	3
4917	1
4918	4
4919	4
4920	2
4921	4
4922	2
4923	2
4924	2
4925	2
4926	4
4927	3
4928	0
4929	0
4930	4
4931	4
4932	2
4933	2
4934	2
4935	2
4936	4
4937	4
4938	0
4939	0
4940	4
4941	4
4942	4
4943	4
4944	4
4945	2
4946	0
4947	2
4948	4
4949	1
4950	2
4951	0
4952	1
4953	4
4954	0
4955	0
4956	0
4957	4
4958	4
4959	2
4960	0
4961	0
4962	0
4963	4
4964	2
4965	2
4966	3
4967	1
4968	2
4969	2
4970	0
4971	3
4972	1
4973	4
4974	4
4975	4
4976	0
4977	4
4978	0
4979	4
4980	2
4981	2
4982	2
4983	2
4984	1
4985	2
4986	2
4987	4
4988	3
4989	4
4990	0
4991	0
4992	4
4993	0
4994	4
4995	4
4996	0
4997	4
4998	4
4999	4
5000	2
5001	3
5002	4
5003	3
5004	0
5005	3
5006	3
5007	4
5008	0
5009	3
5010	0
5011	3
5012	0
5013	4
5014	0
5015	1
5016	0
5017	4
5018	2
5019	4
5020	4
5021	0
5022	4
5023	3
5024	4
5025	1
5026	2
5027	3
5028	3
5029	1
5030	2
5031	4
5032	3
5033	2
5034	2
5035	4
5036	4
5037	2
5038	4
5039	3
5040	2
5041	2
5042	2
5043	4
5044	2
5045	1
5046	4
5047	1
5048	0
5049	0
5050	0
5051	0
5052	2
5053	2
5054	0
5055	2
5056	0
5057	4
5058	4
5059	4
5060	1
5061	3
5062	4
5063	3
5064	0
5065	4
5066	4
5067	0
5068	2
5069	2
5070	2
5071	1
5072	2
5073	2
5074	4
5075	2
5076	2
5077	0
5078	2
5079	1
5080	2
5081	2
5082	0
5083	4
5084	2
5085	2
5086	4
5087	4
5088	0
5089	2
5090	4
5091	0
5092	2
5093	2
5094	0
5095	2
5096	2
5097	3
5098	2
5099	2
5100	1
5101	0
5102	0
5103	4
5104	3
5105	4
5106	4
5107	3
5108	2
5109	1
5110	2
5111	4
5112	4
5113	1
5114	2
5115	4
5116	4
5117	4
5118	4
5119	0
5120	4
5121	4
5122	4
5123	4
5124	1
5125	4
5126	2
5127	2
5128	4
5129	3
5130	0
5131	0
5132	0
5133	4
5134	0
5135	4
5136	2
5137	2
5138	4
5139	2
5140	0
5141	3
5142	0
5143	0
5144	0
5145	0
5146	0
5147	3
5148	0
5149	4
5150	2
5151	4
5152	4
5153	4
5154	1
5155	4
5156	2
5157	0
5158	4
5159	2
5160	2
5161	4
5162	0
5163	4
5164	0
5165	0
5166	1
5167	3
5168	4
5169	3
5170	1
5171	0
5172	2
5173	0
5174	4
5175	0
5176	3
5177	4
5178	4
5179	4
5180	0
5181	4
5182	4
5183	4
5184	0
5185	0
5186	2
5187	4
5188	1
5189	3
5190	1
5191	4
5192	4
5193	0
5194	1
5195	3
5196	4
5197	2
5198	4
5199	4
5200	1
5201	0
5202	2
5203	2
5204	2
5205	4
5206	4
5207	2
5208	2
5209	0
5210	0
5211	4
5212	4
5213	4
5214	4
5215	0
5216	4
5217	2
5218	2
5219	4
5220	4
5221	4
5222	4
5223	4
5224	3
5225	0
5226	1
5227	3
5228	4
5229	1
5230	4
5231	0
5232	3
5233	2
5234	0
5235	0
5236	2
5237	4
5238	0
5239	0
5240	4
5241	2
5242	3
5243	4
5244	2
5245	0
5246	4
5247	1
5248	4
5249	2
5250	1
5251	3
5252	0
5253	4
5254	4
5255	0
5256	4
5257	2
5258	4
5259	0
5260	4
5261	2
5262	3
5263	4
5264	2
5265	2
5266	4
5267	0
5268	2
5269	4
5270	2
5271	4
5272	3
5273	0
5274	4
5275	0
5276	2
5277	0
5278	4
5279	1
5280	4
5281	4
5282	0
5283	4
5284	4
5285	2
5286	0
5287	3
5288	0
5289	2
5290	4
5291	2
5292	3
5293	4
5294	0
5295	4
5296	2
5297	4
5298	0
5299	4
5300	4
5301	4
5302	1
5303	0
5304	3
5305	4
5306	4
5307	0
5308	0
5309	4
5310	4
5311	2
5312	2
5313	2
5314	0
5315	0
5316	2
5317	2
5318	2
5319	0
5320	3
5321	0
5322	4
5323	2
5324	0
5325	0
5326	2
5327	0
5328	2
5329	2
5330	4
5331	0
5332	2
5333	0
5334	0
5335	4
5336	4
5337	4
5338	4
5339	1
5340	4
5341	0
5342	3
5343	4
5344	4
5345	4
5346	0
5347	4
5348	4
5349	1
5350	2
5351	4
5352	2
5353	4
5354	4
5355	4
5356	0
5357	4
5358	2
5359	3
5360	1
5361	4
5362	4
5363	0
5364	4
5365	4
5366	0
5367	0
5368	2
5369	0
5370	1
5371	2
5372	0
5373	0
5374	0
5375	0
5376	4
5377	0
5378	0
5379	0
5380	4
5381	4
5382	0
5383	4
5384	0
5385	4
5386	4
5387	4
5388	4
5389	4
5390	3
5391	0
5392	4
5393	4
5394	0
5395	2
5396	4
5397	2
5398	2
5399	2
5400	0
5401	4
5402	2
5403	2
5404	4
5405	4
5406	0
5407	3
5408	4
5409	1
5410	4
5411	0
5412	2
5413	2
5414	4
5415	0
5416	4
5417	3
5418	3
5419	2
5420	2
5421	0
5422	2
5423	4
5424	2
5425	1
5426	0
5427	0
5428	2
5429	4
5430	0
5431	2
5432	4
5433	4
5434	2
5435	2
5436	3
5437	4
5438	4
5439	3
5440	0
5441	2
5442	4
5443	4
5444	4
5445	2
5446	0
5447	2
5448	4
5449	4
5450	3
5451	0
5452	4
5453	4
5454	2
5455	0
5456	2
5457	4
5458	0
5459	4
5460	2
5461	2
5462	1
5463	4
5464	3
5465	4
5466	3
5467	2
5468	0
5469	3
5470	3
5471	0
5472	2
5473	3
5474	0
5475	4
5476	4
5477	4
5478	4
5479	0
5480	4
5481	3
5482	2
5483	2
5484	4
5485	2
5486	4
5487	2
5488	4
5489	4
5490	2
5491	4
5492	2
5493	2
5494	1
5495	4
5496	2
5497	4
5498	4
5499	4
5500	4
5501	4
5502	4
5503	0
5504	3
5505	1
5506	4
5507	2
5508	2
5509	4
5510	4
5511	4
5512	4
5513	0
5514	0
5515	4
5516	0
5517	1
5518	4
5519	2
5520	0
5521	0
5522	3
5523	0
5524	0
5525	4
5526	0
5527	2
5528	1
5529	2
5530	2
5531	3
5532	4
5533	4
5534	2
5535	4
5536	4
5537	2
5538	4
5539	1
5540	4
5541	2
5542	2
5543	3
5544	0
5545	4
5546	2
5547	2
5548	4
5549	4
5550	4
5551	4
5552	3
5553	4
5554	4
5555	0
5556	2
5557	4
5558	2
5559	0
5560	4
5561	1
5562	2
5563	4
5564	4
5565	4
5566	4
5567	2
5568	0
5569	2
5570	4
5571	0
5572	3
5573	2
5574	0
5575	4
5576	0
5577	4
5578	4
5579	0
5580	4
5581	4
5582	1
5583	0
5584	4
5585	4
5586	4
5587	2
5588	4
5589	2
5590	4
5591	2
5592	2
5593	4
5594	4
5595	1
5596	0
5597	0
5598	0
5599	4
5600	0
5601	4
5602	1
5603	0
5604	4
5605	4
5606	4
5607	4
5608	2
5609	2
5610	4
5611	4
5612	2
5613	4
5614	2
5615	0
5616	0
5617	3
5618	2
5619	4
5620	2
5621	0
5622	4
5623	1
5624	2
5625	4
5626	4
5627	4
5628	0
5629	4
5630	4
5631	0
5632	3
5633	4
5634	2
5635	0
5636	4
5637	1
5638	0
5639	3
5640	0
5641	1
5642	4
5643	4
5644	3
5645	4
5646	0
5647	3
5648	1
5649	1
5650	4
5651	4
5652	4
5653	2
5654	4
5655	4
5656	0
5657	4
5658	2
5659	0
5660	0
5661	1
5662	0
5663	0
5664	4
5665	4
5666	3
5667	0
5668	0
5669	4
5670	4
5671	2
5672	4
5673	2
5674	0
5675	1
5676	2
5677	2
5678	0
5679	4
5680	1
5681	4
5682	1
5683	0
5684	2
5685	4
5686	4
5687	2
5688	0
5689	1
5690	1
5691	2
5692	0
5693	0
5694	2
5695	1
5696	4
5697	2
5698	0
5699	3
5700	3
5701	4
5702	2
5703	1
5704	2
5705	3
5706	3
5707	1
5708	4
5709	4
5710	0
5711	4
5712	4
5713	4
5714	2
5715	4
5716	4
5717	2
5718	2
5719	0
5720	3
5721	2
5722	4
5723	4
5724	4
5725	3
5726	4
5727	0
5728	2
5729	4
5730	3
5731	3
5732	0
5733	3
5734	3
5735	2
5736	2
5737	2
5738	4
5739	4
5740	2
5741	3
5742	4
5743	4
5744	0
5745	2
5746	4
5747	4
5748	4
5749	3
5750	4
5751	4
5752	0
5753	3
5754	4
5755	4
5756	0
5757	3
5758	3
5759	0
5760	4
5761	4
5762	3
5763	4
5764	3
5765	2
5766	2
5767	3
5768	4
5769	0
5770	2
5771	0
5772	0
5773	0
5774	0
5775	0
5776	4
5777	2
5778	0
5779	4
5780	4
5781	0
5782	4
5783	4
5784	0
5785	4
5786	4
5787	2
5788	2
5789	2
5790	3
5791	1
5792	0
5793	4
5794	4
5795	1
5796	4
5797	4
5798	3
5799	4
5800	4
5801	1
5802	3
5803	0
5804	0
5805	1
5806	0
5807	0
5808	0
5809	2
5810	0
5811	4
5812	2
5813	2
5814	2
5815	4
5816	4
5817	0
5818	3
5819	0
5820	4
5821	0
5822	2
5823	4
5824	2
5825	4
5826	0
5827	2
5828	0
5829	1
5830	0
5831	1
5832	2
5833	2
5834	4
5835	0
5836	0
5837	1
5838	4
5839	3
5840	0
5841	4
5842	0
5843	3
5844	2
5845	0
5846	2
5847	4
5848	0
5849	2
5850	2
5851	0
5852	3
5853	0
5854	4
5855	4
5856	3
5857	2
5858	2
5859	4
5860	0
5861	4
5862	1
5863	0
5864	4
5865	2
5866	4
5867	3
5868	0
5869	2
5870	0
5871	1
5872	2
5873	3
5874	0
5875	2
5876	4
5877	0
5878	4
5879	4
5880	1
5881	2
5882	1
5883	2
5884	2
5885	2
5886	0
5887	4
5888	4
5889	4
5890	4
5891	0
5892	4
5893	2
5894	2
5895	4
5896	0
5897	3
5898	0
5899	3
5900	2
5901	4
5902	0
5903	0
5904	2
5905	2
5906	4
5907	2
5908	0
5909	4
5910	2
5911	4
5912	2
5913	4
5914	0
5915	0
5916	4
5917	0
5918	0
5919	2
5920	2
5921	2
5922	2
5923	4
5924	0
5925	1
5926	0
5927	4
5928	2
5929	2
5930	2
5931	4
5932	4
5933	2
5934	4
5935	0
5936	2
5937	0
5938	0
5939	4
5940	2
5941	1
5942	4
5943	2
5944	4
5945	4
5946	1
5947	4
5948	1
5949	2
5950	2
5951	1
5952	0
5953	0
5954	0
5955	0
5956	2
5957	0
5958	1
5959	0
5960	4
5961	3
5962	0
5963	4
5964	0
5965	0
5966	4
5967	4
5968	4
5969	2
5970	2
5971	1
5972	2
5973	4
5974	2
5975	4
5976	4
5977	1
5978	0
5979	2
5980	2
5981	1
5982	2
5983	4
5984	2
5985	2
5986	2
5987	1
5988	0
5989	4
5990	1
5991	4
5992	4
5993	2
5994	3
5995	0
5996	2
5997	1
5998	3
5999	2
6000	0
6001	4
6002	4
6003	4
6004	2
6005	0
6006	0
6007	2
6008	4
6009	0
6010	4
6011	0
6012	4
6013	0
6014	0
6015	4
6016	4
6017	0
6018	2
6019	4
6020	0
6021	4
6022	0
6023	4
6024	4
6025	4
6026	3
6027	0
